4 5
-19 -49 5 -45 18
-41 -41 46 48 1
25 -8 1 -50 2
-38 11 23 45 -3
*
5 5
24 -26 30 -17 -9
22 -35 -21 -11 41
-37 -25 12 20 21
-21 -38 -50 2 -10
-1 -43 22 -37 -33
*
5 5
3 25 -12 -25 11
25 -40 37 3 -47
20 -35 -31 29 18
-1 -13 7 -6 -29
48 6 29 7 -29
*
5 5
-27 47 -12 30 -30
-28 13 -4 36 32
4 38 -15 49 37
-17 -11 -30 43 34
8 -3 21 5 -16
*
5 5
40 -49 -18 2 27
-49 -6 21 40 34
-11 -1 -29 37 -13
6 -4 -26 5 -24
32 15 32 -28 -7
+
4 5
-8 35 -13 -12 17
25 40 -30 25 35
23 -4 7 -2 6
-28 -17 -5 -2 20
+
4 5
-36 37 -37 1 -5
-42 -2 -46 -45 49
-45 32 -26 42 -43
22 -17 19 -26 -48
