5 6
-44 31 48 29 28 25
-41 -7 -41 17 -21 17
-43 -17 -32 -12 -13 33
23 -36 43 -17 -30 24
-29 -22 -44 -30 -2 32
+
5 6
-35 -45 35 43 -18 44
-13 -9 11 -32 11 -30
2 -19 -39 39 -36 34
5 -42 19 26 -16 40
6 -9 12 -46 25 19
*
6 6
24 45 34 9 -9 23
-50 4 42 -37 -24 46
-6 -13 -13 9 24 43
-31 45 -29 3 -12 27
-4 -50 -17 -28 20 -7
-37 46 40 -1 -43 -19
*
2 2
23 13
-35 -32
+
5 6
27 29 -5 -2 24 16
3 -38 45 -50 -37 -22
24 -15 -27 -11 33 -37
-10 41 -6 -35 1 31
32 -26 47 -1 -8 0
*
6 6
-21 -3 21 -47 16 -25
18 11 27 -17 -8 -47
18 -33 -8 -47 -19 -16
-4 -23 0 47 11 34
24 8 -16 18 -42 -14
42 -13 -15 13 42 -49
